B210
B210
B142,1,67
B138,6,66
B38,1,98,8,65
B37,4,23,4,68,10,64
B37,5,21,6,66,10,65
B35,8,19,7,65,10,66
B35,8,19,7,16,4,44,10,67
B36,9,15,10,14,6,41,10,69
B36,12,12,10,13,8,39,11,69
B37,11,12,9,14,8,39,10,70
B40,9,10,9,15,8,38,10,71
B41,9,6,12,15,8,38,10,71
B41,10,4,12,16,8,38,8,73
B41,25,17,9,36,8,74
B43,22,19,9,35,8,74
B45,20,19,9,35,6,76
B46,19,20,10,32,7,76
B47,18,21,10,30,7,77
B49,16,21,11,29,7,77
B51,15,20,12,28,7,77
B51,15,20,14,25,8,77
B53,14,21,11,26,8,77
B54,12,26,7,26,8,77
B55,12,25,9,23,10,76
B57,11,25,9,22,11,75
B59,9,27,8,18,16,73
B60,9,26,8,16,19,72
B61,10,25,7,14,21,72
B61,10,26,7,12,24,70
B61,11,26,7,11,23,71
B62,10,27,7,6,29,69
B63,10,26,8,4,31,68
B63,11,25,23,8,13,67
B64,11,24,21,12,1,1,9,67
B64,10,24,20,16,11,65
B64,10,23,21,16,13,63
B64,10,23,20,19,14,60
B64,9,23,20,22,12,60
B63,9,23,17,27,12,59
B63,9,23,15,1,1,27,12,59
B62,9,23,10,35,10,61
B63,8,23,9,38,1,1,6,61
B64,6,24,9,42,2,63
B62,8,22,10,108
B63,7,21,11,108
B63,7,20,11,81,2,26
B62,8,19,11,82,4,24
B61,9,19,10,62,6,14,5,24
B61,10,16,11,62,9,10,7,24
B60,11,16,9,63,11,8,6,26
B58,15,13,10,61,14,6,7,26
B57,16,12,10,61,27,27
B55,19,10,11,60,28,27
B54,21,8,11,59,29,28
B53,38,1,1,48,2,9,30,28
B51,40,48,6,6,9,1,20,29
B50,40,48,22,7,12,31
B24,3,23,11,1,27,49,21,10,9,32
B23,6,20,10,10,17,50,22,12,7,33
B22,9,18,8,14,15,50,20,16,5,33
B22,11,16,9,13,17,48,19,17,5,33
B23,10,14,10,15,15,48,19,18,5,33
B23,11,13,10,17,12,47,20,20,5,32
B24,10,11,9,21,11,47,20,20,6,31
B26,28,21,11,46,9,6,5,21,6,31
B26,28,21,11,46,8,9,1,24,7,29
B27,27,21,11,44,7,38,7,28
B27,1,1,24,22,11,44,7,38,7,28
B29,24,22,11,22,8,13,7,40,6,28
B30,23,20,15,11,1,1,1,5,10,10,8,42,5,28
B31,22,18,17,9,20,8,9,45,2,29
B37,15,19,20,5,23,6,9,76
B40,12,18,50,5,8,77
B41,11,18,63,77
B41,10,20,62,77
B42,9,23,10,2,46,78
B44,7,24,9,9,36,1,1,79
B25,2,17,7,25,7,11,15,6,14,81
B24,4,18,6,23,8,12,13,9,11,82
B23,7,16,7,22,7,14,11,11,10,82
B23,8,15,8,20,1,1,5,16,9,13,9,82
B23,9,14,9,18,7,18,7,14,9,82
B5,4,14,9,13,11,17,6,20,4,17,9,81
B4,6,13,11,11,12,16,5,21,5,16,10,80
B4,7,12,11,5,20,13,6,21,5,16,10,80
B2,2,1,7,11,38,11,6,21,4,18,9,80
B2,11,12,24,1,2,1,10,7,8,22,4,17,10,79
B1,13,12,22,5,12,4,9,21,6,16,10,79
B2,12,14,17,9,1,1,22,21,6,16,10,79
B2,12,14,17,10,24,20,7,15,10,79
B2,11,16,14,13,24,18,9,13,10,26,5,49
B2,11,18,9,1,1,16,23,16,10,12,10,26,9,46
B3,10,18,7,22,22,14,12,11,9,26,13,43
B3,9,21,2,26,22,12,14,9,9,27,14,42
B5,7,49,23,10,17,6,10,23,20,40
B5,7,49,24,8,19,4,11,22,23,38
B5,7,48,9,1,19,1,37,21,25,37
B5,8,46,9,4,2,1,52,20,28,35
B3,11,45,8,11,20,1,1,5,22,19,30,34
B2,11,1,1,42,10,11,1,1,18,7,23,16,34,32
B3,12,42,9,14,17,10,24,13,16,1,17,32
B3,13,39,10,16,16,13,23,10,13,6,1,4,12,31
B4,13,37,10,18,14,15,24,8,13,11,13,30
B5,12,36,10,20,12,18,24,4,14,14,12,29
B7,10,36,10,20,12,20,39,17,11,28
B11,8,32,12,22,10,23,36,18,10,28
B11,8,32,11,24,9,25,32,1,1,20,10,26
B11,9,30,11,25,11,23,5,5,22,22,11,25
B12,9,27,13,25,12,35,19,25,8,25
B12,11,25,9,28,13,38,16,25,9,3,1,20
B14,10,24,8,29,14,39,14,26,14,18
B15,10,22,9,27,18,38,13,26,15,17
B15,12,18,10,28,6,4,9,40,10,26,16,16
B16,12,16,11,28,6,6,7,42,9,27,16,14
B19,13,5,18,28,6,7,8,40,9,27,19,11
B20,35,27,6,9,6,42,10,25,20,10
B20,35,26,6,10,8,21,2,18,10,24,21,9
B21,34,25,7,11,8,19,4,18,9,24,22,8
B22,34,24,7,12,8,18,4,18,11,20,25,7
B22,34,23,8,12,10,14,7,17,13,18,26,6
B28,12,6,11,20,10,12,10,13,6,19,13,16,12,3,13,6
B29,8,9,11,17,14,11,12,9,9,17,17,13,11,6,12,5
B29,8,11,9,16,16,10,12,9,8,17,19,12,10,7,13,4
B29,7,12,8,17,16,10,14,7,8,17,21,9,10,8,14,3
B28,8,12,8,16,19,7,29,17,22,9,9,10,12,4
B27,8,13,7,15,10,5,7,6,8,1,19,18,24,7,9,10,12,4
B7,2,17,8,13,8,15,9,7,6,5,8,4,16,18,26,5,10,12,9,5
B5,5,15,9,13,8,14,9,10,15,6,15,19,27,4,9,14,7,6
B4,7,13,8,14,8,15,8,12,13,8,13,20,10,1,1,5,23,16,2,9
B3,9,11,9,14,8,15,8,13,12,9,11,21,10,9,21,27
B3,10,10,9,13,9,14,9,14,10,11,10,21,9,12,19,27
B4,11,7,10,12,9,15,8,15,9,12,10,22,8,13,18,27
B4,26,14,8,15,9,15,9,13,9,22,7,14,19,26
B4,26,13,9,15,8,17,8,14,8,22,6,15,19,26
B4,23,14,10,16,8,17,8,14,8,22,5,16,20,25
B5,21,15,10,16,8,19,6,14,9,24,2,16,21,24
B6,20,14,11,16,7,20,7,14,8,42,21,24
B9,14,17,10,17,6,21,7,15,8,39,24,23
B11,10,18,11,17,6,21,7,15,8,39,10,5,10,22
B12,6,20,11,17,7,22,7,16,6,39,7,8,10,22
B14,3,20,10,17,9,22,7,16,6,38,7,10,11,5,2,13
B36,11,17,10,21,7,16,6,38,7,12,9,4,7,9
B35,11,14,16,20,6,16,6,37,7,13,22,7
B34,10,14,18,20,6,17,5,37,7,14,24,4
B34,9,15,7,1,12,18,4,21,1,39,7,15,24,3
B32,11,14,8,1,13,18,1,63,6,16,25,2
B31,11,16,7,5,9,81,7,17,24,2
B29,12,18,5,8,6,83,6,17,24,2
B28,13,34,2,84,6,17,25,1
B28,12,36,1,84,5,18,25,1
B28,11,122,4,18,13,3,10,1
B27,12,124,1,18,11,9,7,1
B27,12,142,12,10,6,1
B27,12,141,12,12,4,2
B27,13,140,11,19
B29,12,138,11,20
B30,11,137,12,20
B31,11,135,12,21
B31,12,133,13,21
B31,13,132,13,21
B33,11,132,12,22
B34,11,132,11,22
B35,9,133,10,23
B36,8,134,8,24
B37,6,136,6,25
B37,5,137,5,26
B39,3,140,1,27
B210
